63 5
</s> 0.068038 0.070184 0.036889 0.098446 -0.030577 
CGT -0.021123 -0.046667 -0.023362 0.015394 -0.063076 
CGC 0.056620 0.007952 0.049954 0.075523 0.021821 
CGA 0.059688 -0.024959 -0.026267 0.049562 0.025432 
CGG 0.082329 0.052050 -0.041168 0.025782 0.046146 
AGA -0.060490 0.002507 -0.053548 -0.092916 -0.034325 
AGG -0.032955 0.033545 0.016898 0.049561 0.048088 
TTA 0.053646 0.006321 -0.051117 0.066648 -0.059557 
TTG -0.044445 -0.092144 -0.069522 0.085075 0.084183 
CTT 0.010794 -0.012472 0.046430 0.074654 0.036951 
CTC -0.004521 0.086367 -0.074905 0.066208 0.030626 
CTA 0.025774 0.086162 0.058694 0.095887 -0.048547 
CTG -0.027043 0.044190 -0.067180 0.048762 0.006488 
TCT 0.002680 -0.043141 0.049014 0.080673 -0.082471 
TCC 0.090446 0.047707 -0.085094 0.096719 -0.047901 
TCA 0.083239 0.027996 0.090021 0.033376 0.075477 
TCG 0.027142 -0.029190 -0.089494 -0.000548 0.037225 
AGT 0.043459 0.037572 0.004313 -0.067206 -0.081252 
AGC -0.071679 -0.066805 -0.064758 0.066002 -0.077745 
GGT 0.021394 -0.011979 -0.051988 0.077790 -0.027680 
GGC -0.096740 0.076015 0.059560 -0.084601 0.015338 
GGA -0.051423 0.065840 0.046531 0.029941 0.018642 
GGG -0.072554 -0.033933 0.031313 -0.050391 0.033311 
CCT 0.060835 -0.054206 0.093481 0.025896 -0.042244 
CCC -0.068664 0.078674 0.027892 -0.054173 0.055153 
CCA -0.019811 -0.029928 0.051947 0.040124 -0.042324 
CCG -0.074042 0.037334 -0.081304 -0.036627 -0.034072 
ACT -0.078238 0.091294 -0.073020 -0.034245 -0.062050 
ACC 0.099785 0.017728 0.004042 -0.053714 0.096873 
ACA -0.056349 0.031461 -0.084354 -0.085168 -0.099284 
ACG 0.002586 0.071735 -0.086019 0.026614 0.065478 
GTT 0.067822 -0.012088 -0.059069 -0.055269 -0.033704 
GTC 0.022528 0.084794 -0.007716 0.030226 -0.062360 
GTA -0.040794 -0.020313 0.063935 0.002137 -0.012701 
GTG 0.027510 0.062953 0.014664 0.094293 0.091727 
GCT 0.004857 0.036844 0.051116 -0.043992 0.083786 
GCC -0.001283 0.082194 -0.089612 0.009221 0.052974 
GCA 0.094555 -0.003502 -0.068439 0.043854 0.039815 
GCG -0.041497 -0.056835 0.099999 -0.077344 -0.075771 
ATT 0.054272 0.090050 -0.059134 -0.005703 0.037157 
ATC 0.005349 0.084026 0.077991 0.018508 -0.023234 
ATA 0.053983 -0.070468 -0.074906 0.088864 0.054855 
TAA -0.019954 0.076212 0.099560 -0.009816 0.088610 
TGA 0.078306 0.028216 -0.089188 -0.032730 0.083255 
TAG -0.043337 -0.013609 0.074108 0.069537 0.072383 
AAT -0.029508 0.023919 -0.085534 -0.013097 -0.059290 
AAC 0.061545 -0.043788 -0.099168 -0.099354 0.058731 
GAT 0.083805 0.057200 0.084614 -0.031011 0.009608 
GAC -0.086049 -0.038508 0.018778 0.019696 -0.040542 
TGT 0.089865 -0.010593 -0.063926 0.066649 0.080986 
TGC 0.005199 -0.054779 -0.067374 -0.053222 0.081929 
CAA -0.082789 -0.062493 -0.021662 0.035095 0.074796 
CAG -0.061557 -0.044753 0.082605 -0.003410 -0.000371 
GAA 0.032645 0.011289 0.063939 -0.003613 0.015240 
GAG 0.078047 -0.016700 -0.028181 -0.039009 -0.067449 
CAT -0.030221 -0.066079 0.010497 0.042417 -0.045218 
CAC -0.087166 0.081361 0.015886 -0.063489 0.072916 
AAA -0.095995 -0.079366 -0.009485 0.024365 -0.001520 
AAG -0.008460 -0.074785 0.037477 -0.091827 -0.007268 
TTT -0.087381 -0.000911 -0.080072 -0.017203 0.069788 
TTC -0.052344 0.052095 0.006162 0.039197 -0.000805 
TAT 0.094127 0.096950 0.051459 0.034787 -0.041789 
TAC 0.080442 0.087001 -0.039141 0.027528 -0.063916 
